0001
0002
0003
0005
0006
0007
0008
0009
0010
0011
0012
0015
0018
0019
0020
0021
0022
0025
0026
0027
0028
0030
0031
0032
0033
0035
0038
0039
0040
0042
0043
0044
0046
0047
0049
0051
0054
0055
0056
0057
0059
0060
0061
0062
0063
0065
0066
0067
0068
0069
0070
0071
0073
0075
0076
0077
0078
0079
0081
0083
0085
0086
0087
0089
0090
0091
0092
0093
0094
0095
0096
0097
0098
0100
0101
0103
0104
0105
0106
0107
0110
0114
0116
0119
0121
0122
0123
0124
0125
0128
0129
0130
0131
0132
0133
0134
0135
0140
0142
0144
0145
0146
0147
0148
0150
0152
0153
0154
0155
0156
0157
0158
0159
0160
0161
0163
0164
0165
0166
0168
0169
0170
0171
0172
0174
0176
0178
0179
0180
0181
0183
0185
0188
0189
0191
0192
0193
0196
0197
0198
0199
0200
0201
0202
0204
0205
0207
0208
0209
0210
0211
0212
0213
0214
0216
0218
0219
0220
0221
0222
0223
0224
0225
0226
0227
0228
0229
0231
0232
0234
0238
0239
0240
0241
0242
0243
0244
0245
0246
0247
0248
0249
0250
0251
0252
0253
0254
0255
0257
0258
0260
0261
0262
0263
0264
0265
0266
0267
0268
0269
0270
0271
0272
0273
0276
0277
0278
0279
0281
0282
0284
0285
0287
0289
0290
0292
0293
0294
0295
0297
0298
0299
0300
0301
0304
0305
0306
0307
0308
0313
0314
0316
0318
0319
0320
0321
0323
0324
0325
0327
0329
0330
0331
0332
0334
0335
0337
0340
0342
0343
0344
0345
0346
0348
0349
0350
0351
0352
0353
0354
0355
0356
0359
0361
0362
0364
0365
0366
0369
0370
0371
0372
0373
0375
0376
0377
0379
0381
0382
0384
0385
0386
0387
0388
0389
0390
0391
0392
0393
0395
0397
0400
0401
0404
0406
0408
0410
0412
0413
0414
